optimization_run: 21
run_number: run_253
std_dev: 80.849203
success_rate: 0.600000
