hsv_v: 0.005392366005023352
model_name: yolo189.pt
optimization_run: 24
scale: 0.9960851162240227
