hsv_v: 0.032470094248766124
model_name: yolo54.pt
optimization_run: 40
run_number: run_112
scale: 0.2152459357574008
std_dev: 23.764002
success_rate: 0.000000
